8
Bombina_bombina         0.0000000 0.8184885 0.8923928 0.8231689 0.3930037 0.8456918 0.8932969 1.1025214 
Pseudophryne_corroboree 0.8184885 0.0000000 0.5767311 0.5183648 0.2837820 0.5218489 0.5808603 1.0503020 
Rana_temporaria         0.8923928 0.5767311 0.0000000 0.6281024 0.1218399 0.6023440 0.6580071 1.0902701 
Bufo_bufo               0.8231689 0.5183648 0.6281024 0.0000000 0.2814916 0.2916309 0.0547737 1.0177981 
Nanorana_parkeri        0.3930037 0.2837820 0.1218399 0.2814916 0.0000000 0.2949661 0.2783636 0.4690084 
Hyla_sarda              0.8456918 0.5218489 0.6023440 0.2916309 0.2949661 0.0000000 0.2959337 0.9954533 
Bufo_gargarizans        0.8932969 0.5808603 0.6580071 0.0547737 0.2783636 0.2959337 0.0000000 1.0773860 
Xenopus_tropicalis      1.1025214 1.0503020 1.0902701 1.0177981 0.4690084 0.9954533 1.0773860 0.0000000 
